                     * e:\esim-dac\2_bit_dac\2_bit_dac.cir
                     Transient Analysis  Wed Aug 12 07:14:22  2020
--------------------------------------------------------------------------------
Index   time            /vmid1          /vmid2          net-_r1-pad1_   
--------------------------------------------------------------------------------
0	0.000000e+00	1.650000e+00	1.258924e-09	2.475000e+00	
1	4.000000e-08	1.650000e+00	1.258924e-09	2.475000e+00	
2	8.000000e-08	1.650000e+00	1.258924e-09	2.475000e+00	
3	1.600000e-07	1.650000e+00	1.258924e-09	2.475000e+00	
4	3.200000e-07	1.650000e+00	1.258924e-09	2.475000e+00	
5	6.400000e-07	1.650000e+00	1.258924e-09	2.475000e+00	
6	1.280000e-06	1.650000e+00	1.258924e-09	2.475000e+00	
7	2.560000e-06	1.650000e+00	1.258924e-09	2.475000e+00	
8	5.120000e-06	1.650000e+00	1.258924e-09	2.475000e+00	
9	1.024000e-05	1.650000e+00	1.258924e-09	2.475000e+00	
10	2.024000e-05	1.650000e+00	1.258924e-09	2.475000e+00	
11	3.024000e-05	1.650000e+00	1.258924e-09	2.475000e+00	
12	4.024000e-05	1.650000e+00	1.258924e-09	2.475000e+00	
13	5.024000e-05	1.650000e+00	1.258924e-09	2.475000e+00	
14	6.024000e-05	1.650000e+00	1.258924e-09	2.475000e+00	
15	7.024000e-05	1.650000e+00	1.258924e-09	2.475000e+00	
16	8.024000e-05	1.650000e+00	1.258924e-09	2.475000e+00	
17	9.024000e-05	1.650000e+00	1.258924e-09	2.475000e+00	
18	1.000000e-04	1.650000e+00	1.258924e-09	2.475000e+00	
19	1.000000e-04	1.653733e+00	4.865493e-04	2.475739e+00	
20	1.000000e-04	1.649756e+00	-1.25195e-04	2.474849e+00	
21	1.000000e-04	1.603958e+00	-3.98862e-03	2.469838e+00	
22	1.000001e-04	1.352975e+00	-1.69277e-02	2.459598e+00	
23	1.000001e-04	1.597868e+00	-1.90505e-02	2.456256e+00	
24	1.000001e-04	2.117327e+00	1.351150e-03	2.468193e+00	
25	1.000001e-04	2.515355e+00	1.835326e-03	2.475593e+00	
26	1.000001e-04	2.447645e+00	2.652027e-03	2.474158e+00	
27	1.000002e-04	2.490834e+00	2.105960e-03	2.474969e+00	
28	1.000003e-04	2.462320e+00	2.920986e-03	2.474504e+00	
29	1.000004e-04	2.485491e+00	2.262824e-03	2.474838e+00	
30	1.000008e-04	2.464616e+00	3.468176e-03	2.474561e+00	
31	1.000014e-04	2.484433e+00	3.237314e-03	2.474812e+00	
32	1.000028e-04	2.465125e+00	5.477244e-03	2.474574e+00	
33	1.000055e-04	2.484184e+00	7.221805e-03	2.474806e+00	
34	1.000108e-04	2.465249e+00	1.345855e-02	2.474577e+00	
35	1.000216e-04	2.484124e+00	2.314011e-02	2.474806e+00	
36	1.000431e-04	2.465282e+00	4.520695e-02	2.474581e+00	
37	1.000861e-04	2.484114e+00	8.613303e-02	2.474811e+00	
38	1.001722e-04	2.465300e+00	1.694304e-01	2.474591e+00	
39	1.003443e-04	2.484136e+00	3.258783e-01	2.474837e+00	
40	1.006886e-04	2.465369e+00	6.047781e-01	2.474659e+00	
41	1.013771e-04	2.484434e+00	8.270763e-01	2.475136e+00	
42	1.020849e-04	2.465579e+00	8.250800e-01	2.474868e+00	
43	1.029604e-04	2.484429e+00	8.244449e-01	2.475131e+00	
44	1.038189e-04	2.465581e+00	8.258594e-01	2.474869e+00	
45	1.055358e-04	2.484428e+00	8.241843e-01	2.475131e+00	
46	1.089697e-04	2.465581e+00	8.259333e-01	2.474869e+00	
47	1.158374e-04	2.484428e+00	8.241614e-01	2.475131e+00	
48	1.258374e-04	2.465581e+00	8.259283e-01	2.474869e+00	
49	1.358374e-04	2.484428e+00	8.241412e-01	2.475131e+00	
50	1.458374e-04	2.465581e+00	8.259455e-01	2.474869e+00	
51	1.558374e-04	2.484428e+00	8.241343e-01	2.475131e+00	
52	1.658374e-04	2.465581e+00	8.259520e-01	2.474869e+00	
53	1.758374e-04	2.484428e+00	8.241286e-01	2.475131e+00	
54	1.858374e-04	2.465581e+00	8.259576e-01	2.474869e+00	

Index   time            /vmid1          /vmid2          net-_r1-pad1_   
--------------------------------------------------------------------------------
55	1.958374e-04	2.484427e+00	8.241237e-01	2.475131e+00	
56	2.000000e-04	2.465581e+00	8.259709e-01	2.474869e+00	
57	2.000000e-04	2.477930e+00	8.258179e-01	2.475006e+00	
58	2.000000e-04	2.480043e+00	8.249077e-01	2.475084e+00	
59	2.000000e-04	2.405542e+00	8.140006e-01	2.473802e+00	
60	2.000001e-04	2.163662e+00	4.793014e-01	2.469567e+00	
61	2.000001e-04	1.951176e+00	2.141605e-01	2.466342e+00	
62	2.000001e-04	1.830352e+00	1.648461e-01	2.466673e+00	
63	2.000001e-04	1.870889e+00	1.746167e-01	2.474194e+00	
64	2.000001e-04	1.592873e+00	1.119601e-02	2.476941e+00	
65	2.000001e-04	1.585125e+00	1.127318e-02	2.475830e+00	
66	2.000001e-04	1.580330e+00	5.486681e-03	2.473365e+00	
67	2.000001e-04	1.582926e+00	1.452517e-03	2.471359e+00	
68	2.000002e-04	1.581388e+00	8.887421e-05	2.470309e+00	
69	2.000002e-04	1.582674e+00	-1.08883e-04	2.470451e+00	
70	2.000003e-04	1.581496e+00	1.146823e-04	2.470345e+00	
71	2.000006e-04	1.582722e+00	-1.17012e-04	2.470447e+00	
72	2.000010e-04	1.581669e+00	1.180964e-04	2.470359e+00	
73	2.000019e-04	1.583039e+00	-1.18582e-04	2.470467e+00	
74	2.000037e-04	1.582336e+00	1.188552e-04	2.470404e+00	
75	2.000072e-04	1.584446e+00	-1.18953e-04	2.470560e+00	
76	2.000144e-04	1.585417e+00	1.190409e-04	2.470608e+00	
77	2.000286e-04	1.591588e+00	-1.19042e-04	2.471033e+00	
78	2.000571e-04	1.601863e+00	1.190915e-04	2.471703e+00	
79	2.001142e-04	1.624335e+00	-1.19057e-04	2.473237e+00	
80	2.002282e-04	1.644886e+00	1.191131e-04	2.474638e+00	
81	2.004137e-04	1.649967e+00	-1.19622e-04	2.475093e+00	
82	2.005882e-04	1.649147e+00	1.195492e-04	2.474938e+00	
83	2.008847e-04	1.650698e+00	-1.19061e-04	2.475055e+00	
84	2.014778e-04	1.649328e+00	1.191212e-04	2.474947e+00	
85	2.026641e-04	1.650664e+00	-1.19062e-04	2.475052e+00	
86	2.050365e-04	1.649340e+00	1.191217e-04	2.474948e+00	
87	2.097813e-04	1.650659e+00	-1.19063e-04	2.475052e+00	
88	2.192710e-04	1.649343e+00	1.191219e-04	2.474948e+00	
89	2.292710e-04	1.650655e+00	-1.19386e-04	2.475052e+00	
90	2.392710e-04	1.649330e+00	1.195810e-04	2.474948e+00	
91	2.492710e-04	1.650654e+00	-1.19369e-04	2.475052e+00	
92	2.592710e-04	1.649331e+00	1.195818e-04	2.474948e+00	
93	2.692710e-04	1.650652e+00	-1.19369e-04	2.475052e+00	
94	2.792710e-04	1.649332e+00	1.195819e-04	2.474948e+00	
95	2.892710e-04	1.650651e+00	-1.19369e-04	2.475052e+00	
96	2.992710e-04	1.649333e+00	1.195820e-04	2.474948e+00	
97	3.000000e-04	1.650645e+00	-1.19113e-04	2.475051e+00	
98	3.000000e-04	1.653473e+00	9.455596e-04	2.475721e+00	
99	3.000000e-04	1.649643e+00	-1.87638e-04	2.474845e+00	
100	3.000000e-04	1.611356e+00	-9.03080e-03	2.470130e+00	
101	3.000001e-04	1.512128e+00	-8.11563e-02	2.460258e+00	
102	3.000001e-04	1.696160e+00	-2.14747e-01	2.456765e+00	
103	3.000001e-04	1.983514e+00	-2.63310e-01	2.466066e+00	
104	3.000001e-04	2.110210e+00	-4.80324e-02	2.469353e+00	
105	3.000001e-04	2.053900e+00	3.603566e-01	2.467728e+00	
106	3.000002e-04	2.089336e+00	6.805741e-01	2.468949e+00	
107	3.000003e-04	2.064528e+00	8.507082e-01	2.468304e+00	
108	3.000004e-04	2.086190e+00	8.034846e-01	2.468995e+00	
109	3.000008e-04	2.067777e+00	8.382053e-01	2.468352e+00	
110	3.000014e-04	2.088371e+00	8.087611e-01	2.469024e+00	
111	3.000028e-04	2.074187e+00	8.363515e-01	2.468449e+00	
112	3.000055e-04	2.100012e+00	8.097381e-01	2.469196e+00	

Index   time            /vmid1          /vmid2          net-_r1-pad1_   
--------------------------------------------------------------------------------
113	3.000109e-04	2.097795e+00	8.359580e-01	2.468800e+00	
114	3.000216e-04	2.145073e+00	8.101995e-01	2.469876e+00	
115	3.000432e-04	2.182186e+00	8.362452e-01	2.470078e+00	
116	3.000863e-04	2.286279e+00	8.110227e-01	2.472078e+00	
117	3.001725e-04	2.378227e+00	8.372097e-01	2.473200e+00	
118	3.003449e-04	2.471337e+00	8.120995e-01	2.475123e+00	
119	3.005786e-04	2.467676e+00	8.376414e-01	2.474691e+00	
120	3.008970e-04	2.482606e+00	8.121266e-01	2.475313e+00	
121	3.014136e-04	2.467363e+00	8.376486e-01	2.474686e+00	
122	3.024467e-04	2.482650e+00	8.121703e-01	2.475314e+00	
123	3.045130e-04	2.467351e+00	8.376712e-01	2.474686e+00	
124	3.086456e-04	2.482655e+00	8.121708e-01	2.475314e+00	
125	3.169107e-04	2.467349e+00	8.376712e-01	2.474686e+00	
126	3.269107e-04	2.482656e+00	8.121231e-01	2.475314e+00	
127	3.369107e-04	2.467348e+00	8.376263e-01	2.474686e+00	
128	3.469107e-04	2.482657e+00	8.121152e-01	2.475314e+00	
129	3.569107e-04	2.467347e+00	8.376261e-01	2.474686e+00	
130	3.669107e-04	2.482657e+00	8.121154e-01	2.475314e+00	
131	3.769107e-04	2.467347e+00	8.376259e-01	2.474686e+00	
132	3.869107e-04	2.482658e+00	8.121156e-01	2.475314e+00	
133	3.969107e-04	2.467346e+00	8.376258e-01	2.474686e+00	
134	4.000000e-04	2.482659e+00	8.121008e-01	2.475314e+00	

                     * e:\esim-dac\2_bit_dac\2_bit_dac.cir
                     Transient Analysis  Wed Aug 12 07:14:22  2020
--------------------------------------------------------------------------------
Index   time            net-_r1-pad2_   net-_r2-pad1_   net-_r3-pad1_   
--------------------------------------------------------------------------------
0	0.000000e+00	3.300000e+00	1.650000e+00	8.250000e-01	
1	4.000000e-08	3.300000e+00	1.650000e+00	8.250000e-01	
2	8.000000e-08	3.300000e+00	1.650000e+00	8.250000e-01	
3	1.600000e-07	3.300000e+00	1.650000e+00	8.250000e-01	
4	3.200000e-07	3.300000e+00	1.650000e+00	8.250000e-01	
5	6.400000e-07	3.300000e+00	1.650000e+00	8.250000e-01	
6	1.280000e-06	3.300000e+00	1.650000e+00	8.250000e-01	
7	2.560000e-06	3.300000e+00	1.650000e+00	8.250000e-01	
8	5.120000e-06	3.300000e+00	1.650000e+00	8.250000e-01	
9	1.024000e-05	3.300000e+00	1.650000e+00	8.250000e-01	
10	2.024000e-05	3.300000e+00	1.650000e+00	8.250000e-01	
11	3.024000e-05	3.300000e+00	1.650000e+00	8.250000e-01	
12	4.024000e-05	3.300000e+00	1.650000e+00	8.250000e-01	
13	5.024000e-05	3.300000e+00	1.650000e+00	8.250000e-01	
14	6.024000e-05	3.300000e+00	1.650000e+00	8.250000e-01	
15	7.024000e-05	3.300000e+00	1.650000e+00	8.250000e-01	
16	8.024000e-05	3.300000e+00	1.650000e+00	8.250000e-01	
17	9.024000e-05	3.300000e+00	1.650000e+00	8.250000e-01	
18	1.000000e-04	3.300000e+00	1.650000e+00	8.250000e-01	
19	1.000000e-04	3.300000e+00	1.651142e+00	8.257714e-01	
20	1.000000e-04	3.300000e+00	1.649797e+00	8.248535e-01	
21	1.000000e-04	3.300000e+00	1.641755e+00	8.194214e-01	
22	1.000001e-04	3.300000e+00	1.632722e+00	8.126805e-01	
23	1.000001e-04	3.300000e+00	1.631072e+00	8.129145e-01	
24	1.000001e-04	3.300000e+00	1.643732e+00	8.209042e-01	
25	1.000001e-04	3.300000e+00	1.650807e+00	8.250317e-01	
26	1.000001e-04	3.300000e+00	1.648298e+00	8.233241e-01	
27	1.000002e-04	3.300000e+00	1.650241e+00	8.246812e-01	
28	1.000003e-04	3.300000e+00	1.648605e+00	8.235166e-01	
29	1.000004e-04	3.300000e+00	1.650122e+00	8.246044e-01	
30	1.000008e-04	3.300000e+00	1.648658e+00	8.235510e-01	
31	1.000014e-04	3.300000e+00	1.650098e+00	8.245883e-01	
32	1.000028e-04	3.300000e+00	1.648670e+00	8.235593e-01	
33	1.000055e-04	3.300000e+00	1.650092e+00	8.245854e-01	
34	1.000108e-04	3.300000e+00	1.648674e+00	8.235631e-01	
35	1.000216e-04	3.300000e+00	1.650094e+00	8.245885e-01	
36	1.000431e-04	3.300000e+00	1.648679e+00	8.235710e-01	
37	1.000861e-04	3.300000e+00	1.650104e+00	8.246049e-01	
38	1.001722e-04	3.300000e+00	1.648701e+00	8.236027e-01	
39	1.003443e-04	3.300000e+00	1.650156e+00	8.246819e-01	
40	1.006886e-04	3.300000e+00	1.648835e+00	8.238048e-01	
41	1.013771e-04	3.300000e+00	1.650753e+00	8.255781e-01	
42	1.020849e-04	3.300000e+00	1.649254e+00	8.244324e-01	
43	1.029604e-04	3.300000e+00	1.650744e+00	8.255648e-01	
44	1.038189e-04	3.300000e+00	1.649256e+00	8.244362e-01	
45	1.055358e-04	3.300000e+00	1.650743e+00	8.255635e-01	
46	1.089697e-04	3.300000e+00	1.649257e+00	8.244366e-01	
47	1.158374e-04	3.300000e+00	1.650743e+00	8.255634e-01	
48	1.258374e-04	3.300000e+00	1.649257e+00	8.244366e-01	
49	1.358374e-04	3.300000e+00	1.650743e+00	8.255634e-01	
50	1.458374e-04	3.300000e+00	1.649257e+00	8.244367e-01	
51	1.558374e-04	3.300000e+00	1.650743e+00	8.255633e-01	
52	1.658374e-04	3.300000e+00	1.649257e+00	8.244367e-01	
53	1.758374e-04	3.300000e+00	1.650743e+00	8.255633e-01	
54	1.858374e-04	3.300000e+00	1.649257e+00	8.244367e-01	

Index   time            net-_r1-pad2_   net-_r2-pad1_   net-_r3-pad1_   
--------------------------------------------------------------------------------
55	1.958374e-04	3.300000e+00	1.650743e+00	8.255633e-01	
56	2.000000e-04	3.300000e+00	1.649257e+00	8.244367e-01	
57	2.000000e-04	3.300000e+00	1.649961e+00	8.249471e-01	
58	2.000000e-04	3.300000e+00	1.650067e+00	8.250532e-01	
59	2.000000e-04	3.300000e+00	1.649166e+00	8.245320e-01	
60	2.000001e-04	3.300000e+00	1.645960e+00	8.223925e-01	
61	2.000001e-04	3.300000e+00	1.643743e+00	8.212211e-01	
62	2.000001e-04	3.300000e+00	1.645417e+00	8.228262e-01	
63	2.000001e-04	3.300000e+00	1.653701e+00	8.282161e-01	
64	2.000001e-04	3.300000e+00	1.651296e+00	8.276569e-01	
65	2.000001e-04	3.300000e+00	1.649854e+00	8.264642e-01	
66	2.000001e-04	3.300000e+00	1.645568e+00	8.236764e-01	
67	2.000001e-04	3.300000e+00	1.642366e+00	8.214986e-01	
68	2.000002e-04	3.300000e+00	1.640621e+00	8.202901e-01	
69	2.000002e-04	3.300000e+00	1.640910e+00	8.204727e-01	
70	2.000003e-04	3.300000e+00	1.640681e+00	8.203233e-01	
71	2.000006e-04	3.300000e+00	1.640905e+00	8.204693e-01	
72	2.000010e-04	3.300000e+00	1.640708e+00	8.203373e-01	
73	2.000019e-04	3.300000e+00	1.640945e+00	8.204891e-01	
74	2.000037e-04	3.300000e+00	1.640796e+00	8.203818e-01	
75	2.000072e-04	3.300000e+00	1.641131e+00	8.205818e-01	
76	2.000144e-04	3.300000e+00	1.641204e+00	8.205855e-01	
77	2.000286e-04	3.300000e+00	1.642077e+00	8.210549e-01	
78	2.000571e-04	3.300000e+00	1.643395e+00	8.216809e-01	
79	2.001142e-04	3.300000e+00	1.646486e+00	8.232597e-01	
80	2.002282e-04	3.300000e+00	1.649265e+00	8.246160e-01	
81	2.004137e-04	3.300000e+00	1.650197e+00	8.251152e-01	
82	2.005882e-04	3.300000e+00	1.649865e+00	8.249159e-01	
83	2.008847e-04	3.300000e+00	1.650121e+00	8.250769e-01	
84	2.014778e-04	3.300000e+00	1.649883e+00	8.249248e-01	
85	2.026641e-04	3.300000e+00	1.650116e+00	8.250746e-01	
86	2.050365e-04	3.300000e+00	1.649884e+00	8.249257e-01	
87	2.097813e-04	3.300000e+00	1.650116e+00	8.250742e-01	
88	2.192710e-04	3.300000e+00	1.649885e+00	8.249258e-01	
89	2.292710e-04	3.300000e+00	1.650115e+00	8.250741e-01	
90	2.392710e-04	3.300000e+00	1.649885e+00	8.249259e-01	
91	2.492710e-04	3.300000e+00	1.650115e+00	8.250740e-01	
92	2.592710e-04	3.300000e+00	1.649885e+00	8.249260e-01	
93	2.692710e-04	3.300000e+00	1.650115e+00	8.250739e-01	
94	2.792710e-04	3.300000e+00	1.649885e+00	8.249261e-01	
95	2.892710e-04	3.300000e+00	1.650115e+00	8.250738e-01	
96	2.992710e-04	3.300000e+00	1.649885e+00	8.249262e-01	
97	3.000000e-04	3.300000e+00	1.650114e+00	8.250733e-01	
98	3.000000e-04	3.300000e+00	1.651106e+00	8.257550e-01	
99	3.000000e-04	3.300000e+00	1.649784e+00	8.248449e-01	
100	3.000000e-04	3.300000e+00	1.642339e+00	8.197123e-01	
101	3.000001e-04	3.300000e+00	1.633200e+00	8.128765e-01	
102	3.000001e-04	3.300000e+00	1.631325e+00	8.128654e-01	
103	3.000001e-04	3.300000e+00	1.642196e+00	8.204260e-01	
104	3.000001e-04	3.300000e+00	1.646873e+00	8.228360e-01	
105	3.000001e-04	3.300000e+00	1.643873e+00	8.214223e-01	
106	3.000002e-04	3.300000e+00	1.646597e+00	8.229403e-01	
107	3.000003e-04	3.300000e+00	1.644763e+00	8.224880e-01	
108	3.000004e-04	3.300000e+00	1.646780e+00	8.233160e-01	
109	3.000008e-04	3.300000e+00	1.644783e+00	8.224548e-01	
110	3.000014e-04	3.300000e+00	1.646801e+00	8.233416e-01	
111	3.000028e-04	3.300000e+00	1.644848e+00	8.224807e-01	
112	3.000055e-04	3.300000e+00	1.646916e+00	8.234019e-01	

Index   time            net-_r1-pad2_   net-_r2-pad1_   net-_r3-pad1_   
--------------------------------------------------------------------------------
113	3.000109e-04	3.300000e+00	1.645082e+00	8.225963e-01	
114	3.000216e-04	3.300000e+00	1.647368e+00	8.236289e-01	
115	3.000432e-04	3.300000e+00	1.645934e+00	8.230221e-01	
116	3.000863e-04	3.300000e+00	1.648837e+00	8.243633e-01	
117	3.001725e-04	3.300000e+00	1.648016e+00	8.240628e-01	
118	3.003449e-04	3.300000e+00	1.650867e+00	8.253782e-01	
119	3.005786e-04	3.300000e+00	1.649010e+00	8.245598e-01	
120	3.008970e-04	3.300000e+00	1.650993e+00	8.254417e-01	
121	3.014136e-04	3.300000e+00	1.649006e+00	8.245580e-01	
122	3.024467e-04	3.300000e+00	1.650994e+00	8.254420e-01	
123	3.045130e-04	3.300000e+00	1.649006e+00	8.245580e-01	
124	3.086456e-04	3.300000e+00	1.650994e+00	8.254420e-01	
125	3.169107e-04	3.300000e+00	1.649006e+00	8.245580e-01	
126	3.269107e-04	3.300000e+00	1.650994e+00	8.254420e-01	
127	3.369107e-04	3.300000e+00	1.649006e+00	8.245579e-01	
128	3.469107e-04	3.300000e+00	1.650994e+00	8.254420e-01	
129	3.569107e-04	3.300000e+00	1.649006e+00	8.245579e-01	
130	3.669107e-04	3.300000e+00	1.650994e+00	8.254420e-01	
131	3.769107e-04	3.300000e+00	1.649006e+00	8.245579e-01	
132	3.869107e-04	3.300000e+00	1.650994e+00	8.254421e-01	
133	3.969107e-04	3.300000e+00	1.649006e+00	8.245579e-01	
134	4.000000e-04	3.300000e+00	1.650994e+00	8.254421e-01	

                     * e:\esim-dac\2_bit_dac\2_bit_dac.cir
                     Transient Analysis  Wed Aug 12 07:14:22  2020
--------------------------------------------------------------------------------
Index   time            vone            voutput         vtwo            
--------------------------------------------------------------------------------
0	0.000000e+00	0.000000e+00	2.096525e-09	0.000000e+00	
1	4.000000e-08	0.000000e+00	2.096525e-09	0.000000e+00	
2	8.000000e-08	0.000000e+00	2.096525e-09	0.000000e+00	
3	1.600000e-07	0.000000e+00	2.096525e-09	0.000000e+00	
4	3.200000e-07	0.000000e+00	2.096525e-09	0.000000e+00	
5	6.400000e-07	0.000000e+00	2.096525e-09	0.000000e+00	
6	1.280000e-06	0.000000e+00	2.096525e-09	0.000000e+00	
7	2.560000e-06	0.000000e+00	2.096525e-09	0.000000e+00	
8	5.120000e-06	0.000000e+00	2.096525e-09	0.000000e+00	
9	1.024000e-05	0.000000e+00	2.096525e-09	0.000000e+00	
10	2.024000e-05	0.000000e+00	2.096525e-09	0.000000e+00	
11	3.024000e-05	0.000000e+00	2.096525e-09	0.000000e+00	
12	4.024000e-05	0.000000e+00	2.096525e-09	0.000000e+00	
13	5.024000e-05	0.000000e+00	2.096525e-09	0.000000e+00	
14	6.024000e-05	0.000000e+00	2.096525e-09	0.000000e+00	
15	7.024000e-05	0.000000e+00	2.096525e-09	0.000000e+00	
16	8.024000e-05	0.000000e+00	2.096525e-09	0.000000e+00	
17	9.024000e-05	0.000000e+00	2.096525e-09	0.000000e+00	
18	1.000000e-04	0.000000e+00	2.096525e-09	0.000000e+00	
19	1.000000e-04	1.800000e-01	1.195192e-06	0.000000e+00	
20	1.000000e-04	5.400000e-01	1.973812e-06	0.000000e+00	
21	1.000000e-04	1.260000e+00	-1.76835e-05	0.000000e+00	
22	1.000001e-04	1.800000e+00	-9.07548e-05	0.000000e+00	
23	1.000001e-04	1.800000e+00	-1.22088e-04	0.000000e+00	
24	1.000001e-04	1.800000e+00	-1.47882e-04	0.000000e+00	
25	1.000001e-04	1.800000e+00	-1.36722e-04	0.000000e+00	
26	1.000001e-04	1.800000e+00	-1.09759e-04	0.000000e+00	
27	1.000002e-04	1.800000e+00	-6.72710e-05	0.000000e+00	
28	1.000003e-04	1.800000e+00	1.604820e-05	0.000000e+00	
29	1.000004e-04	1.800000e+00	1.819890e-04	0.000000e+00	
30	1.000008e-04	1.800000e+00	5.150971e-04	0.000000e+00	
31	1.000014e-04	1.800000e+00	1.179821e-03	0.000000e+00	
32	1.000028e-04	1.800000e+00	2.510450e-03	0.000000e+00	
33	1.000055e-04	1.800000e+00	5.168751e-03	0.000000e+00	
34	1.000108e-04	1.800000e+00	1.048163e-02	0.000000e+00	
35	1.000216e-04	1.800000e+00	2.108271e-02	0.000000e+00	
36	1.000431e-04	1.800000e+00	4.220089e-02	0.000000e+00	
37	1.000861e-04	1.800000e+00	8.405455e-02	0.000000e+00	
38	1.001722e-04	1.800000e+00	1.663151e-01	0.000000e+00	
39	1.003443e-04	1.800000e+00	3.237607e-01	0.000000e+00	
40	1.006886e-04	1.800000e+00	6.015587e-01	0.000000e+00	
41	1.013771e-04	1.800000e+00	8.280881e-01	0.000000e+00	
42	1.020849e-04	1.800000e+00	8.241113e-01	0.000000e+00	
43	1.029604e-04	1.800000e+00	8.253976e-01	0.000000e+00	
44	1.038189e-04	1.800000e+00	8.249067e-01	0.000000e+00	
45	1.055358e-04	1.800000e+00	8.251311e-01	0.000000e+00	
46	1.089697e-04	1.800000e+00	8.249820e-01	0.000000e+00	
47	1.158374e-04	1.800000e+00	8.251077e-01	0.000000e+00	
48	1.258374e-04	1.800000e+00	8.249773e-01	0.000000e+00	
49	1.358374e-04	1.800000e+00	8.250873e-01	0.000000e+00	
50	1.458374e-04	1.800000e+00	8.249947e-01	0.000000e+00	
51	1.558374e-04	1.800000e+00	8.250803e-01	0.000000e+00	
52	1.658374e-04	1.800000e+00	8.250013e-01	0.000000e+00	
53	1.758374e-04	1.800000e+00	8.250745e-01	0.000000e+00	
54	1.858374e-04	1.800000e+00	8.250069e-01	0.000000e+00	

Index   time            vone            voutput         vtwo            
--------------------------------------------------------------------------------
55	1.958374e-04	1.800000e+00	8.250695e-01	0.000000e+00	
56	2.000000e-04	1.800000e+00	8.250204e-01	0.000000e+00	
57	2.000000e-04	1.800000e+00	8.250242e-01	1.800000e-01	
58	2.000000e-04	1.800000e+00	8.250270e-01	5.400000e-01	
59	2.000000e-04	1.800000e+00	8.249672e-01	1.260000e+00	
60	2.000001e-04	1.800000e+00	8.248486e-01	1.800000e+00	
61	2.000001e-04	1.656000e+00	8.248454e-01	1.800000e+00	
62	2.000001e-04	1.368000e+00	8.249092e-01	1.800000e+00	
63	2.000001e-04	7.920000e-01	8.251237e-01	1.800000e+00	
64	2.000001e-04	0.000000e+00	8.253698e-01	1.800000e+00	
65	2.000001e-04	0.000000e+00	8.253973e-01	1.800000e+00	
66	2.000001e-04	0.000000e+00	8.254499e-01	1.800000e+00	
67	2.000001e-04	0.000000e+00	8.255521e-01	1.800000e+00	
68	2.000002e-04	0.000000e+00	8.257576e-01	1.800000e+00	
69	2.000002e-04	0.000000e+00	8.261678e-01	1.800000e+00	
70	2.000003e-04	0.000000e+00	8.269887e-01	1.800000e+00	
71	2.000006e-04	0.000000e+00	8.286289e-01	1.800000e+00	
72	2.000010e-04	0.000000e+00	8.319061e-01	1.800000e+00	
73	2.000019e-04	0.000000e+00	8.384448e-01	1.800000e+00	
74	2.000037e-04	0.000000e+00	8.514603e-01	1.800000e+00	
75	2.000072e-04	0.000000e+00	8.772256e-01	1.800000e+00	
76	2.000144e-04	0.000000e+00	9.275959e-01	1.800000e+00	
77	2.000286e-04	0.000000e+00	1.022939e+00	1.800000e+00	
78	2.000571e-04	0.000000e+00	1.188638e+00	1.800000e+00	
79	2.001142e-04	0.000000e+00	1.419449e+00	1.800000e+00	
80	2.002282e-04	0.000000e+00	1.613276e+00	1.800000e+00	
81	2.004137e-04	0.000000e+00	1.653160e+00	1.800000e+00	
82	2.005882e-04	0.000000e+00	1.648822e+00	1.800000e+00	
83	2.008847e-04	0.000000e+00	1.650520e+00	1.800000e+00	
84	2.014778e-04	0.000000e+00	1.649685e+00	1.800000e+00	
85	2.026641e-04	0.000000e+00	1.650246e+00	1.800000e+00	
86	2.050365e-04	0.000000e+00	1.649782e+00	1.800000e+00	
87	2.097813e-04	0.000000e+00	1.650205e+00	1.800000e+00	
88	2.192710e-04	0.000000e+00	1.649801e+00	1.800000e+00	
89	2.292710e-04	0.000000e+00	1.650185e+00	1.800000e+00	
90	2.392710e-04	0.000000e+00	1.649793e+00	1.800000e+00	
91	2.492710e-04	0.000000e+00	1.650174e+00	1.800000e+00	
92	2.592710e-04	0.000000e+00	1.649804e+00	1.800000e+00	
93	2.692710e-04	0.000000e+00	1.650163e+00	1.800000e+00	
94	2.792710e-04	0.000000e+00	1.649814e+00	1.800000e+00	
95	2.892710e-04	0.000000e+00	1.650153e+00	1.800000e+00	
96	2.992710e-04	0.000000e+00	1.649824e+00	1.800000e+00	
97	3.000000e-04	8.131516e-10	1.650099e+00	1.800000e+00	
98	3.000000e-04	1.800000e-01	1.650099e+00	1.800000e+00	
99	3.000000e-04	5.400000e-01	1.650099e+00	1.800000e+00	
100	3.000000e-04	1.260000e+00	1.650093e+00	1.800000e+00	
101	3.000001e-04	1.800000e+00	1.650070e+00	1.800000e+00	
102	3.000001e-04	1.800000e+00	1.650072e+00	1.800000e+00	
103	3.000001e-04	1.800000e+00	1.650101e+00	1.800000e+00	
104	3.000001e-04	1.800000e+00	1.650221e+00	1.800000e+00	
105	3.000001e-04	1.800000e+00	1.650469e+00	1.800000e+00	
106	3.000002e-04	1.800000e+00	1.650751e+00	1.800000e+00	
107	3.000003e-04	1.800000e+00	1.651322e+00	1.800000e+00	
108	3.000004e-04	1.800000e+00	1.652460e+00	1.800000e+00	
109	3.000008e-04	1.800000e+00	1.654735e+00	1.800000e+00	
110	3.000014e-04	1.800000e+00	1.659265e+00	1.800000e+00	
111	3.000028e-04	1.800000e+00	1.668267e+00	1.800000e+00	
112	3.000055e-04	1.800000e+00	1.686012e+00	1.800000e+00	

Index   time            vone            voutput         vtwo            
--------------------------------------------------------------------------------
113	3.000109e-04	1.800000e+00	1.720504e+00	1.800000e+00	
114	3.000216e-04	1.800000e+00	1.785575e+00	1.800000e+00	
115	3.000432e-04	1.800000e+00	1.901035e+00	1.800000e+00	
116	3.000863e-04	1.800000e+00	2.081317e+00	1.800000e+00	
117	3.001725e-04	1.800000e+00	2.298357e+00	1.800000e+00	
118	3.003449e-04	1.800000e+00	2.452511e+00	1.800000e+00	
119	3.005786e-04	1.800000e+00	2.475677e+00	1.800000e+00	
120	3.008970e-04	1.800000e+00	2.474885e+00	1.800000e+00	
121	3.014136e-04	1.800000e+00	2.475056e+00	1.800000e+00	
122	3.024467e-04	1.800000e+00	2.474974e+00	1.800000e+00	
123	3.045130e-04	1.800000e+00	2.475033e+00	1.800000e+00	
124	3.086456e-04	1.800000e+00	2.474983e+00	1.800000e+00	
125	3.169107e-04	1.800000e+00	2.475029e+00	1.800000e+00	
126	3.269107e-04	1.800000e+00	2.474985e+00	1.800000e+00	
127	3.369107e-04	1.800000e+00	2.475027e+00	1.800000e+00	
128	3.469107e-04	1.800000e+00	2.474987e+00	1.800000e+00	
129	3.569107e-04	1.800000e+00	2.475025e+00	1.800000e+00	
130	3.669107e-04	1.800000e+00	2.474988e+00	1.800000e+00	
131	3.769107e-04	1.800000e+00	2.475024e+00	1.800000e+00	
132	3.869107e-04	1.800000e+00	2.474990e+00	1.800000e+00	
133	3.969107e-04	1.800000e+00	2.475022e+00	1.800000e+00	
134	4.000000e-04	1.800000e+00	2.474993e+00	1.800000e+00	

                     * e:\esim-dac\2_bit_dac\2_bit_dac.cir
                     Transient Analysis  Wed Aug 12 07:14:22  2020
--------------------------------------------------------------------------------
Index   time            x1.net-_m1-pad1 x1.net-_m2-pad3 x2.net-_m1-pad1 
--------------------------------------------------------------------------------
0	0.000000e+00	3.300000e+00	3.300000e+00	3.300000e+00	
1	4.000000e-08	3.300000e+00	3.300000e+00	3.300000e+00	
2	8.000000e-08	3.300000e+00	3.300000e+00	3.300000e+00	
3	1.600000e-07	3.300000e+00	3.300000e+00	3.300000e+00	
4	3.200000e-07	3.300000e+00	3.300000e+00	3.300000e+00	
5	6.400000e-07	3.300000e+00	3.300000e+00	3.300000e+00	
6	1.280000e-06	3.300000e+00	3.300000e+00	3.300000e+00	
7	2.560000e-06	3.300000e+00	3.300000e+00	3.300000e+00	
8	5.120000e-06	3.300000e+00	3.300000e+00	3.300000e+00	
9	1.024000e-05	3.300000e+00	3.300000e+00	3.300000e+00	
10	2.024000e-05	3.300000e+00	3.300000e+00	3.300000e+00	
11	3.024000e-05	3.300000e+00	3.300000e+00	3.300000e+00	
12	4.024000e-05	3.300000e+00	3.300000e+00	3.300000e+00	
13	5.024000e-05	3.300000e+00	3.300000e+00	3.300000e+00	
14	6.024000e-05	3.300000e+00	3.300000e+00	3.300000e+00	
15	7.024000e-05	3.300000e+00	3.300000e+00	3.300000e+00	
16	8.024000e-05	3.300000e+00	3.300000e+00	3.300000e+00	
17	9.024000e-05	3.300000e+00	3.300000e+00	3.300000e+00	
18	1.000000e-04	3.300000e+00	3.300000e+00	3.300000e+00	
19	1.000000e-04	3.337495e+00	3.300000e+00	3.335307e+00	
20	1.000000e-04	3.361883e+00	3.300000e+00	3.361160e+00	
21	1.000000e-04	2.806450e+00	3.300000e+00	2.838344e+00	
22	1.000001e-04	1.139671e+00	3.300000e+00	1.386511e+00	
23	1.000001e-04	6.242478e-01	3.300000e+00	7.788188e-01	
24	1.000001e-04	1.238795e-01	3.300000e+00	9.832076e-02	
25	1.000001e-04	5.613091e-02	3.300000e+00	4.931774e-02	
26	1.000001e-04	7.531664e-02	3.300000e+00	8.407743e-02	
27	1.000002e-04	6.301894e-02	3.300000e+00	5.502167e-02	
28	1.000003e-04	7.191995e-02	3.300000e+00	8.028804e-02	
29	1.000004e-04	6.421722e-02	3.300000e+00	5.652915e-02	
30	1.000008e-04	7.138467e-02	3.300000e+00	7.949722e-02	
31	1.000014e-04	6.445906e-02	3.300000e+00	5.687781e-02	
32	1.000028e-04	7.126444e-02	3.300000e+00	7.930797e-02	
33	1.000055e-04	6.451647e-02	3.300000e+00	5.696329e-02	
34	1.000108e-04	7.123516e-02	3.300000e+00	7.926117e-02	
35	1.000216e-04	6.453064e-02	3.300000e+00	5.698455e-02	
36	1.000431e-04	7.122789e-02	3.300000e+00	7.924950e-02	
37	1.000861e-04	6.453417e-02	3.300000e+00	5.698985e-02	
38	1.001722e-04	7.122607e-02	3.300000e+00	7.924657e-02	
39	1.003443e-04	6.453506e-02	3.300000e+00	5.699115e-02	
40	1.006886e-04	7.122562e-02	3.300000e+00	7.924576e-02	
41	1.013771e-04	6.453528e-02	3.300000e+00	5.699114e-02	
42	1.020849e-04	7.122547e-02	3.300000e+00	7.924525e-02	
43	1.029604e-04	6.453541e-02	3.300000e+00	5.699144e-02	
44	1.038189e-04	7.122507e-02	3.300000e+00	7.921285e-02	
45	1.055358e-04	6.453550e-02	3.300000e+00	5.699148e-02	
46	1.089697e-04	7.122530e-02	3.300000e+00	7.924492e-02	
47	1.158374e-04	6.453552e-02	3.300000e+00	5.699151e-02	
48	1.258374e-04	7.122462e-02	3.300000e+00	7.917041e-02	
49	1.358374e-04	6.453521e-02	3.300000e+00	5.695055e-02	
50	1.458374e-04	7.122499e-02	3.300000e+00	7.921146e-02	
51	1.558374e-04	6.453522e-02	3.300000e+00	5.695009e-02	
52	1.658374e-04	7.122497e-02	3.300000e+00	7.921132e-02	
53	1.758374e-04	6.453523e-02	3.300000e+00	5.695011e-02	
54	1.858374e-04	7.122496e-02	3.300000e+00	7.921131e-02	

Index   time            x1.net-_m1-pad1 x1.net-_m2-pad3 x2.net-_m1-pad1 
--------------------------------------------------------------------------------
55	1.958374e-04	6.453524e-02	3.300000e+00	5.695012e-02	
56	2.000000e-04	7.122517e-02	3.300000e+00	7.923619e-02	
57	2.000000e-04	6.964654e-02	3.300000e+00	7.053172e-02	
58	2.000000e-04	6.716330e-02	3.300000e+00	6.638012e-02	
59	2.000000e-04	6.535986e-02	3.300000e+00	6.851327e-02	
60	2.000001e-04	5.758735e-02	3.300000e+00	5.407707e-02	
61	2.000001e-04	5.093831e-02	3.300000e+00	5.003608e-02	
62	2.000001e-04	1.258729e-01	3.300000e+00	1.411832e-01	
63	2.000001e-04	9.287272e-01	3.300000e+00	9.995973e-01	
64	2.000001e-04	2.595545e+00	3.300000e+00	2.552887e+00	
65	2.000001e-04	2.750188e+00	3.300000e+00	2.705437e+00	
66	2.000001e-04	2.990062e+00	3.300000e+00	2.945528e+00	
67	2.000001e-04	3.211707e+00	3.300000e+00	3.184816e+00	
68	2.000002e-04	3.303844e+00	3.300000e+00	3.301572e+00	
69	2.000002e-04	3.298618e+00	3.300000e+00	3.299406e+00	
70	2.000003e-04	3.300801e+00	3.300000e+00	3.300374e+00	
71	2.000006e-04	3.299400e+00	3.300000e+00	3.299699e+00	
72	2.000010e-04	3.300516e+00	3.300000e+00	3.300269e+00	
73	2.000019e-04	3.299524e+00	3.300000e+00	3.299745e+00	
74	2.000037e-04	3.300459e+00	3.300000e+00	3.300248e+00	
75	2.000072e-04	3.299552e+00	3.300000e+00	3.299755e+00	
76	2.000144e-04	3.300446e+00	3.300000e+00	3.300243e+00	
77	2.000286e-04	3.299559e+00	3.300000e+00	3.299757e+00	
78	2.000571e-04	3.300443e+00	3.300000e+00	3.300242e+00	
79	2.001142e-04	3.299560e+00	3.300000e+00	3.299758e+00	
80	2.002282e-04	3.300440e+00	3.300000e+00	3.300241e+00	
81	2.004137e-04	3.299558e+00	3.300000e+00	3.299757e+00	
82	2.005882e-04	3.300440e+00	3.300000e+00	3.300241e+00	
83	2.008847e-04	3.299560e+00	3.300000e+00	3.299758e+00	
84	2.014778e-04	3.300439e+00	3.300000e+00	3.300241e+00	
85	2.026641e-04	3.299560e+00	3.300000e+00	3.299758e+00	
86	2.050365e-04	3.300439e+00	3.300000e+00	3.300241e+00	
87	2.097813e-04	3.299560e+00	3.300000e+00	3.299758e+00	
88	2.192710e-04	3.300439e+00	3.300000e+00	3.300241e+00	
89	2.292710e-04	3.299559e+00	3.300000e+00	3.299758e+00	
90	2.392710e-04	3.300440e+00	3.300000e+00	3.300241e+00	
91	2.492710e-04	3.299559e+00	3.300000e+00	3.299758e+00	
92	2.592710e-04	3.300440e+00	3.300000e+00	3.300241e+00	
93	2.692710e-04	3.299559e+00	3.300000e+00	3.299758e+00	
94	2.792710e-04	3.300440e+00	3.300000e+00	3.300241e+00	
95	2.892710e-04	3.299559e+00	3.300000e+00	3.299758e+00	
96	2.992710e-04	3.300440e+00	3.300000e+00	3.300241e+00	
97	3.000000e-04	3.299560e+00	3.300000e+00	3.299758e+00	
98	3.000000e-04	3.336957e+00	3.300000e+00	3.335234e+00	
99	3.000000e-04	3.361746e+00	3.300000e+00	3.361031e+00	
100	3.000000e-04	2.807891e+00	3.300000e+00	2.837578e+00	
101	3.000001e-04	1.176708e+00	3.300000e+00	1.367621e+00	
102	3.000001e-04	6.375444e-01	3.300000e+00	7.125199e-01	
103	3.000001e-04	1.089954e-01	3.300000e+00	8.481356e-02	
104	3.000001e-04	5.050506e-02	3.300000e+00	6.515154e-02	
105	3.000001e-04	8.093084e-02	3.300000e+00	7.855129e-02	
106	3.000002e-04	5.848979e-02	3.300000e+00	6.479694e-02	
107	3.000003e-04	7.634312e-02	3.300000e+00	7.267934e-02	
108	3.000004e-04	6.019464e-02	3.300000e+00	6.302120e-02	
109	3.000008e-04	7.551200e-02	3.300000e+00	7.280169e-02	
110	3.000014e-04	6.052074e-02	3.300000e+00	6.300964e-02	
111	3.000028e-04	7.528469e-02	3.300000e+00	7.278721e-02	
112	3.000055e-04	6.061527e-02	3.300000e+00	6.301537e-02	

Index   time            x1.net-_m1-pad1 x1.net-_m2-pad3 x2.net-_m1-pad1 
--------------------------------------------------------------------------------
113	3.000109e-04	7.523949e-02	3.300000e+00	7.278377e-02	
114	3.000216e-04	6.063850e-02	3.300000e+00	6.301719e-02	
115	3.000432e-04	7.522795e-02	3.300000e+00	7.278280e-02	
116	3.000863e-04	6.064383e-02	3.300000e+00	6.301766e-02	
117	3.001725e-04	7.522430e-02	3.300000e+00	7.278255e-02	
118	3.003449e-04	6.064441e-02	3.300000e+00	6.301777e-02	
119	3.005786e-04	7.524226e-02	3.300000e+00	7.278650e-02	
120	3.008970e-04	6.066867e-02	3.300000e+00	6.302247e-02	
121	3.014136e-04	7.523553e-02	3.300000e+00	7.278514e-02	
122	3.024467e-04	6.064523e-02	3.300000e+00	6.301785e-02	
123	3.045130e-04	7.522242e-02	3.300000e+00	7.278242e-02	
124	3.086456e-04	6.064526e-02	3.300000e+00	6.301785e-02	
125	3.169107e-04	7.522246e-02	3.300000e+00	7.278242e-02	
126	3.269107e-04	6.067247e-02	3.300000e+00	6.302318e-02	
127	3.369107e-04	7.524750e-02	3.300000e+00	7.278766e-02	
128	3.469107e-04	6.067613e-02	3.300000e+00	6.302390e-02	
129	3.569107e-04	7.524747e-02	3.300000e+00	7.278766e-02	
130	3.669107e-04	6.067615e-02	3.300000e+00	6.302390e-02	
131	3.769107e-04	7.524746e-02	3.300000e+00	7.278765e-02	
132	3.869107e-04	6.067616e-02	3.300000e+00	6.302390e-02	
133	3.969107e-04	7.524744e-02	3.300000e+00	7.278765e-02	
134	4.000000e-04	6.068221e-02	3.300000e+00	6.302509e-02	

                     * e:\esim-dac\2_bit_dac\2_bit_dac.cir
                     Transient Analysis  Wed Aug 12 07:14:22  2020
--------------------------------------------------------------------------------
Index   time            x2.net-_m2-pad3 x3.net-_m1-pad1 x3.net-_m2-pad3 
--------------------------------------------------------------------------------
0	0.000000e+00	3.300000e+00	3.300000e+00	3.300000e+00	
1	4.000000e-08	3.300000e+00	3.300000e+00	3.300000e+00	
2	8.000000e-08	3.300000e+00	3.300000e+00	3.300000e+00	
3	1.600000e-07	3.300000e+00	3.300000e+00	3.300000e+00	
4	3.200000e-07	3.300000e+00	3.300000e+00	3.300000e+00	
5	6.400000e-07	3.300000e+00	3.300000e+00	3.300000e+00	
6	1.280000e-06	3.300000e+00	3.300000e+00	3.300000e+00	
7	2.560000e-06	3.300000e+00	3.300000e+00	3.300000e+00	
8	5.120000e-06	3.300000e+00	3.300000e+00	3.300000e+00	
9	1.024000e-05	3.300000e+00	3.300000e+00	3.300000e+00	
10	2.024000e-05	3.300000e+00	3.300000e+00	3.300000e+00	
11	3.024000e-05	3.300000e+00	3.300000e+00	3.300000e+00	
12	4.024000e-05	3.300000e+00	3.300000e+00	3.300000e+00	
13	5.024000e-05	3.300000e+00	3.300000e+00	3.300000e+00	
14	6.024000e-05	3.300000e+00	3.300000e+00	3.300000e+00	
15	7.024000e-05	3.300000e+00	3.300000e+00	3.300000e+00	
16	8.024000e-05	3.300000e+00	3.300000e+00	3.300000e+00	
17	9.024000e-05	3.300000e+00	3.300000e+00	3.300000e+00	
18	1.000000e-04	3.300000e+00	3.300000e+00	3.300000e+00	
19	1.000000e-04	3.300000e+00	3.300719e+00	3.300000e+00	
20	1.000000e-04	3.300000e+00	3.299497e+00	3.300000e+00	
21	1.000000e-04	3.300000e+00	3.293794e+00	3.300000e+00	
22	1.000001e-04	3.300000e+00	3.261305e+00	3.300000e+00	
23	1.000001e-04	3.300000e+00	3.315185e+00	3.300000e+00	
24	1.000001e-04	3.300000e+00	3.407478e+00	3.300000e+00	
25	1.000001e-04	3.300000e+00	3.368579e+00	3.300000e+00	
26	1.000001e-04	3.300000e+00	3.282342e+00	3.300000e+00	
27	1.000002e-04	3.300000e+00	3.307743e+00	3.300000e+00	
28	1.000003e-04	3.300000e+00	3.294467e+00	3.300000e+00	
29	1.000004e-04	3.300000e+00	3.304718e+00	3.300000e+00	
30	1.000008e-04	3.300000e+00	3.295660e+00	3.300000e+00	
31	1.000014e-04	3.300000e+00	3.304186e+00	3.300000e+00	
32	1.000028e-04	3.300000e+00	3.295912e+00	3.300000e+00	
33	1.000055e-04	3.300000e+00	3.304064e+00	3.300000e+00	
34	1.000108e-04	3.300000e+00	3.295972e+00	3.300000e+00	
35	1.000216e-04	3.300000e+00	3.304033e+00	3.300000e+00	
36	1.000431e-04	3.300000e+00	3.295987e+00	3.300000e+00	
37	1.000861e-04	3.300000e+00	3.304026e+00	3.300000e+00	
38	1.001722e-04	3.300000e+00	3.295991e+00	3.300000e+00	
39	1.003443e-04	3.300000e+00	3.304023e+00	3.300000e+00	
40	1.006886e-04	3.300000e+00	3.295991e+00	3.300000e+00	
41	1.013771e-04	3.300000e+00	3.304017e+00	3.300000e+00	
42	1.020849e-04	3.300000e+00	3.295987e+00	3.300000e+00	
43	1.029604e-04	3.300000e+00	3.304017e+00	3.300000e+00	
44	1.038189e-04	3.300000e+00	3.295987e+00	3.300000e+00	
45	1.055358e-04	3.300000e+00	3.304016e+00	3.300000e+00	
46	1.089697e-04	3.300000e+00	3.295987e+00	3.300000e+00	
47	1.158374e-04	3.300000e+00	3.304016e+00	3.300000e+00	
48	1.258374e-04	3.300000e+00	3.295987e+00	3.300000e+00	
49	1.358374e-04	3.300000e+00	3.304016e+00	3.300000e+00	
50	1.458374e-04	3.300000e+00	3.295987e+00	3.300000e+00	
51	1.558374e-04	3.300000e+00	3.304016e+00	3.300000e+00	
52	1.658374e-04	3.300000e+00	3.295987e+00	3.300000e+00	
53	1.758374e-04	3.300000e+00	3.304016e+00	3.300000e+00	
54	1.858374e-04	3.300000e+00	3.295987e+00	3.300000e+00	

Index   time            x2.net-_m2-pad3 x3.net-_m1-pad1 x3.net-_m2-pad3 
--------------------------------------------------------------------------------
55	1.958374e-04	3.300000e+00	3.304016e+00	3.300000e+00	
56	2.000000e-04	3.300000e+00	3.295987e+00	3.300000e+00	
57	2.000000e-04	3.300000e+00	3.335278e+00	3.300000e+00	
58	2.000000e-04	3.300000e+00	3.362513e+00	3.300000e+00	
59	2.000000e-04	3.300000e+00	2.807781e+00	3.300000e+00	
60	2.000001e-04	3.300000e+00	1.166545e+00	3.300000e+00	
61	2.000001e-04	3.300000e+00	4.945712e-01	3.300000e+00	
62	2.000001e-04	3.300000e+00	2.883495e-02	3.300000e+00	
63	2.000001e-04	3.300000e+00	1.012899e-01	3.300000e+00	
64	2.000001e-04	3.300000e+00	3.440633e-02	3.300000e+00	
65	2.000001e-04	3.300000e+00	5.601957e-02	3.300000e+00	
66	2.000001e-04	3.300000e+00	7.109917e-02	3.300000e+00	
67	2.000001e-04	3.300000e+00	6.595182e-02	3.300000e+00	
68	2.000002e-04	3.300000e+00	6.927127e-02	3.300000e+00	
69	2.000002e-04	3.300000e+00	6.664320e-02	3.300000e+00	
70	2.000003e-04	3.300000e+00	6.899828e-02	3.300000e+00	
71	2.000006e-04	3.300000e+00	6.676673e-02	3.300000e+00	
72	2.000010e-04	3.300000e+00	6.893857e-02	3.300000e+00	
73	2.000019e-04	3.300000e+00	6.679567e-02	3.300000e+00	
74	2.000037e-04	3.300000e+00	6.892410e-02	3.300000e+00	
75	2.000072e-04	3.300000e+00	6.680276e-02	3.300000e+00	
76	2.000144e-04	3.300000e+00	6.892042e-02	3.300000e+00	
77	2.000286e-04	3.300000e+00	6.680430e-02	3.300000e+00	
78	2.000571e-04	3.300000e+00	6.891900e-02	3.300000e+00	
79	2.001142e-04	3.300000e+00	6.680366e-02	3.300000e+00	
80	2.002282e-04	3.300000e+00	6.891654e-02	3.300000e+00	
81	2.004137e-04	3.300000e+00	6.673672e-02	3.300000e+00	
82	2.005882e-04	3.300000e+00	6.887859e-02	3.300000e+00	
83	2.008847e-04	3.300000e+00	6.680221e-02	3.300000e+00	
84	2.014778e-04	3.300000e+00	6.891611e-02	3.300000e+00	
85	2.026641e-04	3.300000e+00	6.680223e-02	3.300000e+00	
86	2.050365e-04	3.300000e+00	6.891610e-02	3.300000e+00	
87	2.097813e-04	3.300000e+00	6.680223e-02	3.300000e+00	
88	2.192710e-04	3.300000e+00	6.891610e-02	3.300000e+00	
89	2.292710e-04	3.300000e+00	6.676231e-02	3.300000e+00	
90	2.392710e-04	3.300000e+00	6.887715e-02	3.300000e+00	
91	2.492710e-04	3.300000e+00	6.676507e-02	3.300000e+00	
92	2.592710e-04	3.300000e+00	6.887795e-02	3.300000e+00	
93	2.692710e-04	3.300000e+00	6.676509e-02	3.300000e+00	
94	2.792710e-04	3.300000e+00	6.887794e-02	3.300000e+00	
95	2.892710e-04	3.300000e+00	6.676509e-02	3.300000e+00	
96	2.992710e-04	3.300000e+00	6.887794e-02	3.300000e+00	
97	3.000000e-04	3.300000e+00	6.679176e-02	3.300000e+00	
98	3.000000e-04	3.300000e+00	6.778181e-02	3.300000e+00	
99	3.000000e-04	3.300000e+00	6.767716e-02	3.300000e+00	
100	3.000000e-04	3.300000e+00	6.691266e-02	3.300000e+00	
101	3.000001e-04	3.300000e+00	6.358821e-02	3.300000e+00	
102	3.000001e-04	3.300000e+00	6.915385e-02	3.300000e+00	
103	3.000001e-04	3.300000e+00	8.175467e-02	3.300000e+00	
104	3.000001e-04	3.300000e+00	6.928691e-02	3.300000e+00	
105	3.000001e-04	3.300000e+00	7.245218e-02	3.300000e+00	
106	3.000002e-04	3.300000e+00	6.990407e-02	3.300000e+00	
107	3.000003e-04	3.300000e+00	6.742082e-02	3.300000e+00	
108	3.000004e-04	3.300000e+00	6.813809e-02	3.300000e+00	
109	3.000008e-04	3.300000e+00	6.763477e-02	3.300000e+00	
110	3.000014e-04	3.300000e+00	6.806916e-02	3.300000e+00	
111	3.000028e-04	3.300000e+00	6.766192e-02	3.300000e+00	
112	3.000055e-04	3.300000e+00	6.805676e-02	3.300000e+00	

Index   time            x2.net-_m2-pad3 x3.net-_m1-pad1 x3.net-_m2-pad3 
--------------------------------------------------------------------------------
113	3.000109e-04	3.300000e+00	6.766764e-02	3.300000e+00	
114	3.000216e-04	3.300000e+00	6.805344e-02	3.300000e+00	
115	3.000432e-04	3.300000e+00	6.766835e-02	3.300000e+00	
116	3.000863e-04	3.300000e+00	6.805114e-02	3.300000e+00	
117	3.001725e-04	3.300000e+00	6.766646e-02	3.300000e+00	
118	3.003449e-04	3.300000e+00	6.804858e-02	3.300000e+00	
119	3.005786e-04	3.300000e+00	6.766544e-02	3.300000e+00	
120	3.008970e-04	3.300000e+00	6.804832e-02	3.300000e+00	
121	3.014136e-04	3.300000e+00	6.766551e-02	3.300000e+00	
122	3.024467e-04	3.300000e+00	6.804828e-02	3.300000e+00	
123	3.045130e-04	3.300000e+00	6.766553e-02	3.300000e+00	
124	3.086456e-04	3.300000e+00	6.804827e-02	3.300000e+00	
125	3.169107e-04	3.300000e+00	6.766554e-02	3.300000e+00	
126	3.269107e-04	3.300000e+00	6.804827e-02	3.300000e+00	
127	3.369107e-04	3.300000e+00	6.766554e-02	3.300000e+00	
128	3.469107e-04	3.300000e+00	6.804827e-02	3.300000e+00	
129	3.569107e-04	3.300000e+00	6.766555e-02	3.300000e+00	
130	3.669107e-04	3.300000e+00	6.804826e-02	3.300000e+00	
131	3.769107e-04	3.300000e+00	6.766555e-02	3.300000e+00	
132	3.869107e-04	3.300000e+00	6.804826e-02	3.300000e+00	
133	3.969107e-04	3.300000e+00	6.766555e-02	3.300000e+00	
134	4.000000e-04	3.300000e+00	6.804825e-02	3.300000e+00	
